0.0189511775970459 
0.027690935134887695 
0.044855594635009766 
0.0694434642791748 
0.09872403144836425 
0.14148344993591308 
0.19053454399108888 
0.26516151428222656 
0.3532701969146729 
0.46381235122680664 
0.5949450016021729 
0.7533759593963623 
0.9528709888458252 
1.194186544418335 
1.4465626239776612 
1.7032312393188476 
1.9433972358703613 
2.3586621284484863 
2.6773738861083984 
3.0614386081695555 
3.427240180969238 
3.864927577972412 
4.213132333755493 
4.700913047790527 
5.274529361724854 
