0.014935731887817383 
0.02981710433959961 
0.05298614501953125 
0.07928681373596191 
0.11557722091674805 
0.16980981826782227 
0.23855924606323242 
0.3292114734649658 
0.4172327518463135 
0.5463125705718994 
0.7203171253204346 
0.8937656879425049 
1.110241174697876 
1.3946821689605713 
1.6507394313812256 
1.9233112335205078 
2.2549169063568115 
2.5987308025360107 
3.0193090438842773 
3.440474033355713 
3.9421277046203613 
4.455459356307983 
4.65081787109375 
5.201074123382568 
5.8389012813568115 
